closet=87,40,111,62,33,46,79,95,74,85,120,89,115,126,106,109,121,152,150,199,128,102,97,174,91,191,90,130,92,140,124,168
closet=75,98,156,80,80,96,73,127,137,117,75,113,245,201,75,135,163,164,87,78,98,66,124,140,102,158,109,188,118,144,196,140
bathroom=158,61,195,52,24,124,87,52,58,127,46,68,34,69,42,128,134,201,105,133,121,102,43,155,117,74,60,105,86,171,68,130
livingroom:1=190,55,253,210,101,167,49,99,119,97,129,122,151,121,123,134,157,209,95,84,102,200,82,163,96,172,227,227,101,194,184,140
livingroom:2=121,90,215,180,218,93,217,105,134,108,156,105,96,122,86,229,197,215,113,149,94,16,127,172,135,197,212,174,168,228,173,164
livingroom:3=144,42,128,199,85,136,72,70,173,82,92,116,119,141,81,90,166,127,72,100,149,114,63,152,98,127,55,62,118,61,175,181
livingroom:4=160,106,160,89,41,155,142,88,152,119,144,105,147,122,86,55,88,161,108,169,99,46,103,91,179,57,90,128,80,119,84,164
livingroom:5=62,54,148,123,49,132,138,70,165,69,112,122,129,65,81,64,52,199,126,56,157,110,64,160,74,75,133,131,92,76,93,53
diningroom=40,139,161,92,69,75,140,59,54,73,94,3,68,85,74,117,153,167,115,136,127,106,54,108,121,76,65,168,115,77,104,43
kitchen=60,49,95,65,14,66,132,54,101,100,32,146,56,101,52,40,62,181,57,60,120,132,115,121,64,106,105,72,66,90,43,49
window=26,58,124,49,82,92,70,248,57,97,72,109,148,155,70,94,55,109,145,80,55,54,86,62,99,124,106,54,71,65,52,104
window=24,98,172,74,235,126,102,27,108,50,90,62,49,80,92,34,51,169,121,149,59,31,49,101,145,87,79,109,117,105,48,54
window=24,34,134,226,13,22,44,223,255,23,44,19,26,13,73,8,50,130,99,30,19,91,4,49,32,61,22,87,15,40,42,28
window=197,138,210,123,113,172,64,160,176,111,190,191,208,165,181,114,129,242,125,146,129,189,158,114,193,177,192,193,221,113,114,138
window=130,86,113,26,61,52,132,99,53,119,99,179,58,57,80,79,126,146,148,61,63,128,157,45,139,78,23,79,56,102,150,61
